###### Generated by WW-DHSVM -- edit with care ######
# Generated: September 23, 2026 05:19 PM
#                   Segment  Cut/Bank     Cut     Segment
#  Col  Row  ID      Length   Height     Width     Aspect   SINK?
#                     (m)      (m)        (m)       (d)    (optional)
#
   44     9     1     32.8231     0.1500    0.7400   194.1091
   51     9     2     31.0736     0.1500    0.9800   194.0019
   43    10     1     32.8231     0.1500    0.7400   177.4829
   51    10     2     31.0736     0.1500    0.9800   199.5934
   43    11     1     32.8231     0.1500    0.7400   178.7646
   51    11     2     31.0736     0.1500    0.9800   208.1591
   43    12     1     32.8231     0.1500    0.7400   178.6482
   51    12     2     31.0736     0.1500    0.9800   202.4412
   29    13     3     30.2783     0.1500    0.7400   172.5396
   43    13     1     32.8231     0.1500    0.7400   177.5475
   51    13     2     31.0736     0.1500    0.9800   171.1370
   29    14     3     30.2783     0.1500    0.7400   161.7078
   43    14     1     32.8231     0.1500    0.7400   178.5888
   52    14     2     31.0736     0.1500    0.9800   206.4694
   59    14     4     30.1016     0.1500    0.7400   188.2832
   29    15     3     30.2783     0.1500    0.7400   164.5496
   43    15     1     32.8231     0.1500    0.7400   182.3443
   52    15     2     31.0736     0.1500    0.9800   135.5760
   59    15     4     30.1016     0.1500    0.7400   183.0446
   29    16     3     30.2783     0.1500    0.7400   173.7239
   39    16     5     35.1557     0.1500    0.7400    77.7954
   40    16     5     35.1557     0.1500    0.7400   103.8080
   41    16     5     35.1557     0.1500    0.7400   131.0212
   42    16     1     32.8231     0.1500    0.7400   157.1760
   53    16     2     31.0736     0.1500    0.9800   184.2678
   59    16     4     30.1016     0.1500    0.7400   177.0805
   63    16     6     37.4884     0.1500    0.7400   257.3288
   29    17     3     30.2783     0.1500    0.7400   172.3178
   42    17     5     35.1557     0.1500    0.7400   101.1394
   43    17     1     32.8231     0.1500    0.7400   163.8048
   53    17     2     31.0736     0.1500    0.9800   145.9739
   59    17     4     30.1016     0.1500    0.7400   177.2546
   61    17     6     37.4884     0.1500    0.7400   247.8765
   62    17     6     37.4884     0.1500    0.7400   274.3336
   23    18     7     39.8211     0.1500    0.7400   153.4423
   29    18     3     30.2783     0.1500    0.7400   164.9642
   43    18     5     35.1557     0.1500    0.7400    93.4880
   44    18     1     32.8231     0.1500    0.7400   170.4004
   53    18     2     31.0736     0.1500    0.9800   123.5823
   59    18     4     30.1016     0.1500    0.7400   214.2966
   60    18     6     37.4884     0.1500    0.7400   272.3099
    9    19     8     30.9021     0.1500    0.9800    67.9364
   10    19     8     30.9021     0.1500    0.9800    72.5603
   11    19     8     30.9021     0.1500    0.9800    77.4362
   12    19     8     30.9021     0.1500    0.9800    96.7379
   20    19     8     30.9021     0.1500    0.9800    94.1829
   21    19     8     30.9021     0.1500    0.9800    87.6404
   22    19     8     30.9021     0.1500    0.9800    88.1867
   23    19     8     30.9021     0.1500    0.9800   108.5440
   24    19     7     39.8211     0.1500    0.7400   162.1570
   29    19     3     30.2783     0.1500    0.7400   167.8914
   44    19     9     31.4901     0.1792    1.2972   118.1361
   54    19     2     31.0736     0.1500    0.9800   197.3846
   58    19     4     30.1016     0.1500    0.7400   178.7442
   59    19     6     37.4884     0.1500    0.7400   257.4018
   13    20     8     30.9021     0.1500    0.9800    85.1129
   14    20     8     30.9021     0.1500    0.9800   109.9984
   15    20     8     30.9021     0.1500    0.9800   130.5986
   16    20     8     30.9021     0.1500    0.9800   123.8741
   17    20     8     30.9021     0.1500    0.9800   101.8578
   18    20     8     30.9021     0.1500    0.9800    81.0258
   19    20     8     30.9021     0.1500    0.9800    74.6498
   24    20     8     30.9021     0.1500    0.9800   110.0321
   25    20     7     39.8211     0.1500    0.7400   154.9812
   29    20     3     30.2783     0.1500    0.7400   177.0217
   45    20     9     31.4901     0.1792    1.2972   221.6061
   54    20     2     31.0736     0.1500    0.9800   192.3075
   58    20    10     32.0455     0.1500    0.9800   209.4072
   25    21     8     30.9021     0.1500    0.9800   103.4437
   26    21    11     36.9052     0.1792    1.2972   131.6387
   29    21     3     30.2783     0.1500    0.7400   180.6477
   45    21     9     31.4901     0.1792    1.2972   206.3927
   54    21     2     31.0736     0.1500    0.9800   189.4974
   58    21    10     32.0455     0.1500    0.9800   222.3461
   27    22    11     36.9052     0.1792    1.2972    84.6540
   28    22    11     36.9052     0.1792    1.2972   109.3860
   29    22     3     30.2783     0.1500    0.7400   158.4981
   45    22     9     31.4901     0.1792    1.2972   199.9534
   54    22     2     31.0736     0.1500    0.9800   182.6811
   57    22    10     32.0455     0.1500    0.9800   160.8489
   58    22    13     33.9894     0.1500    0.7400   246.8494
   29    23    11     36.9052     0.1792    1.2972   119.7151
   30    23     3     30.2783     0.1500    0.7400   166.8945
   45    23     9     31.4901     0.1792    1.2972   206.9492
   54    23     2     31.0736     0.1500    0.9800   167.6633
   57    23    12     39.8211     0.1792    1.2972   230.6829
   59    23    13     33.9894     0.1500    0.7400   279.2417
   60    23    13     33.9894     0.1500    0.7400   267.5230
   61    23    13     33.9894     0.1500    0.7400   259.5130
   29    24    20     33.4592     0.1500    0.7400    93.0065
   30    24    14     28.1577     0.2160    1.7170   102.4220
   31    24    15     29.9521     0.2160    1.7170   139.1220
   44    24     9     31.4901     0.1792    1.2972   156.5889
   55    24     2     31.0736     0.1500    0.9800   186.9816
   56    24    12     39.8211     0.1792    1.2972   222.6591
   25    25    20     33.4592     0.1500    0.7400    92.1135
   26    25    20     33.4592     0.1500    0.7400    87.6596
   27    25    20     33.4592     0.1500    0.7400    75.4517
   28    25    20     33.4592     0.1500    0.7400    54.7224
   32    25    15     29.9521     0.2160    1.7170    51.4231
   33    25    15     29.9521     0.2160    1.7170    89.0119
   34    25    15     29.9521     0.2160    1.7170   122.5773
   44    25     9     31.4901     0.1792    1.2972   174.1741
   55    25    16     32.0455     0.2160    1.7170   225.7413
   23    26    20     33.4592     0.1500    0.7400    92.0764
   24    26    20     33.4592     0.1500    0.7400    77.5558
   35    26    15     29.9521     0.2160    1.7170    60.2034
   36    26    15     29.9521     0.2160    1.7170    48.5010
   37    26    15     29.9521     0.2160    1.7170    29.7689
   38    26    15     29.9521     0.2160    1.7170    41.3103
   39    26    15     29.9521     0.2160    1.7170    67.2275
   40    26    15     29.9521     0.2160    1.7170    83.9344
   41    26    15     29.9521     0.2160    1.7170    79.0544
   42    26    15     29.9521     0.2160    1.7170    75.9747
   43    26    15     29.9521     0.2160    1.7170    99.9962
   44    26    17     36.4887     0.2604    2.2727   164.8891
   54    26    16     32.0455     0.2160    1.7170   124.5459
   22    27    20     33.4592     0.1500    0.7400    88.8026
   45    27    17     36.4887     0.2604    2.2727   127.2179
   54    27    16     32.0455     0.2160    1.7170   140.2439
   55    27    18     33.9894     0.1500    0.7400   256.0325
   56    27    18     33.9894     0.1500    0.7400   262.6770
   20    28    20     33.4592     0.1500    0.7400    86.9388
   21    28    20     33.4592     0.1500    0.7400    80.4577
   46    28    17     36.4887     0.2604    2.2727   100.0052
   54    28    19     35.9333     0.2160    1.7170   213.1504
   19    29    20     33.4592     0.1500    0.7400    77.9260
   47    29    17     36.4887     0.2604    2.2727   186.8431
   53    29    19     35.9333     0.2160    1.7170   157.6740
   47    30    17     36.4887     0.2604    2.2727   125.6537
   53    30    19     35.9333     0.2160    1.7170   250.6877
   48    31    17     36.4887     0.2604    2.2727   185.5445
   52    31    19     35.9333     0.2160    1.7170   215.5040
   48    32    17     36.4887     0.2604    2.2727   126.3542
   51    32    19     35.9333     0.2160    1.7170   270.2033
   49    33    21     30.4904     0.3139    3.0083   258.8709
   50    33    19     35.9333     0.2160    1.7170   295.5515
   48    34    21     30.4904     0.3139    3.0083   102.1070
   48    35    21     30.4904     0.3139    3.0083   121.2741
   48    36    21     30.4904     0.3139    3.0083   160.2636
   48    37    21     30.4904     0.3139    3.0083   238.9181
   48    38    21     30.4904     0.3139    3.0083   237.9837
   48    39    21     30.4904     0.3139    3.0083   231.1172
   48    40    21     30.4904     0.3139    3.0083   231.8478
   61    40    22     30.4904     0.1500    0.9800   239.3029
   62    40    22     30.4904     0.1500    0.9800   248.0901
   19    41    23     39.8211     0.1500    0.7400   144.9596
   24    41    26     30.9347     0.1792    1.2972   111.8548
   25    41    26     30.9347     0.1792    1.2972   105.6180
   38    41    24     36.9052     0.1500    0.7400   148.0021
   48    41    21     30.4904     0.3139    3.0083   241.3498
   58    41    22     30.4904     0.1500    0.9800   229.2490
   59    41    22     30.4904     0.1500    0.9800   264.3461
   60    41    22     30.4904     0.1500    0.9800   281.7515
   18    42    25     28.1577     0.1500    0.7400   100.1202
   19    42    25     28.1577     0.1500    0.7400    99.6296
   20    42    26     30.9347     0.1792    1.2972   104.0548
   21    42    26     30.9347     0.1792    1.2972    98.9727
   22    42    26     30.9347     0.1792    1.2972    93.7906
   23    42    26     30.9347     0.1792    1.2972    89.2531
   26    42    26     30.9347     0.1792    1.2972    90.7202
   27    42    26     30.9347     0.1792    1.2972    94.5047
   28    42    26     30.9347     0.1792    1.2972   100.9292
   29    42    26     30.9347     0.1792    1.2972   107.9411
   39    42    24     36.9052     0.1500    0.7400   192.8619
   47    42    21     30.4904     0.3139    3.0083   147.8013
   53    42    22     30.4904     0.1500    0.9800   224.1769
   54    42    22     30.4904     0.1500    0.9800   242.8299
   55    42    22     30.4904     0.1500    0.9800   243.9941
   56    42    22     30.4904     0.1500    0.9800   249.9509
   57    42    22     30.4904     0.1500    0.9800   276.5312
   30    43    26     30.9347     0.1792    1.2972    72.0981
   31    43    26     30.9347     0.1792    1.2972    77.7391
   32    43    26     30.9347     0.1792    1.2972    85.0759
   33    43    26     30.9347     0.1792    1.2972    90.6906
   34    43    26     30.9347     0.1792    1.2972    87.5339
   35    43    26     30.9347     0.1792    1.2972    84.1643
   36    43    26     30.9347     0.1792    1.2972    92.4527
   37    43    26     30.9347     0.1792    1.2972   111.0402
   39    43    24     36.9052     0.1500    0.7400   169.8937
   47    43    27     35.1557     0.3139    3.0083   193.7996
   48    43    22     30.4904     0.1500    0.9800   265.1394
   49    43    22     30.4904     0.1500    0.9800   262.8523
   50    43    22     30.4904     0.1500    0.9800   261.0679
   51    43    22     30.4904     0.1500    0.9800   272.7866
   52    43    22     30.4904     0.1500    0.9800   298.2533
   38    44    26     30.9347     0.1792    1.2972    89.0784
   39    44    26     30.9347     0.1792    1.2972   117.2383
   40    44    24     36.9052     0.1500    0.7400   156.2211
   46    44    27     35.1557     0.3139    3.0083   136.0535
   40    45    26     30.9347     0.1792    1.2972    62.5370
   41    45    28     39.8211     0.2160    1.7170    98.0496
   46    45    27     35.1557     0.3139    3.0083   265.7168
   42    46    28     39.8211     0.2160    1.7170   100.3456
   45    46    27     35.1557     0.3139    3.0083   212.3508
   43    47    28     39.8211     0.2160    1.7170   118.7154
   44    47    27     35.1557     0.3139    3.0083   188.3605
   44    48    29     33.9894     0.3139    3.0083   295.8107
   43    49    29     33.9894     0.3139    3.0083   245.7852
   42    50    29     33.9894     0.3139    3.0083   146.9181
   42    51    29     33.9894     0.3139    3.0083   233.9130
   41    52    29     33.9894     0.3139    3.0083   150.2898
   41    53    29     33.9894     0.3139    3.0083   235.1456
