###### Generated by WW-DHSVM -- edit with care ######
# Generated: September 23, 2026 05:18 PM
#                   Segment  Cut/Bank     Cut     Segment
#  Col  Row  ID      Length   Height     Width     Aspect   SINK?
#                     (m)      (m)        (m)       (d)    (optional)
#
   65     8     1     33.0175     0.1503    0.9967   195.0531
   65     9     1     33.0175     0.1503    0.9967   196.8799
   53    10     2     37.8772     0.1500    0.7239   168.6202
   65    10     1     33.0175     0.1503    0.9967   197.2079
   54    11     2     37.8772     0.1500    0.7239   180.5076
   64    11     1     33.0175     0.1503    0.9967   165.3200
   54    12     2     37.8772     0.1500    0.7239   166.1704
   64    12     1     33.0175     0.1503    0.9967   172.6016
   55    13     2     37.8772     0.1500    0.7239   162.6774
   64    13     1     33.0175     0.1503    0.9967   183.2839
   56    14     2     37.8772     0.1500    0.7239   164.2456
   57    14     3     33.9894     0.1500    0.7239   183.0842
   63    14     1     33.0175     0.1503    0.9967   168.2060
   57    15     2     37.8772     0.1500    0.7239   166.3962
   58    15     3     33.9894     0.1500    0.7239   186.7637
   63    15     1     33.0175     0.1503    0.9967   180.7759
   58    16     4     33.9894     0.1503    0.9967   176.3926
   63    16     1     33.0175     0.1503    0.9967   190.8358
   31    17     5     33.9894     0.1500    0.7239   176.3730
   59    17     4     33.9894     0.1503    0.9967   185.8616
   62    17     1     33.0175     0.1503    0.9967   176.5306
   31    18     5     33.9894     0.1500    0.7239   177.7634
   59    18     4     33.9894     0.1503    0.9967   176.5629
   62    18     1     33.0175     0.1503    0.9967   181.6827
   31    19     5     33.9894     0.1500    0.7239   176.2632
   60    19     4     33.9894     0.1503    0.9967   182.8764
   61    19     1     33.0175     0.1503    0.9967   184.0779
   65    19     6     33.9894     0.1500    0.7239   253.7322
   66    19     6     33.9894     0.1500    0.7239   266.3052
   67    19     6     33.9894     0.1500    0.7239   263.7087
   68    19     6     33.9894     0.1500    0.7239   257.3004
   69    19     6     33.9894     0.1500    0.7239   252.2244
   27    20     7     37.2292     0.1500    0.7239   100.3336
   31    20     5     33.9894     0.1500    0.7239   165.8392
   60    20     8     32.0455     0.1859    1.3709   177.6549
   64    20     6     33.9894     0.1500    0.7239   256.6826
   28    21     7     37.2292     0.1500    0.7239    83.0001
   29    21     7     37.2292     0.1500    0.7239    89.9396
   30    21     7     37.2292     0.1500    0.7239   102.1534
   32    21     5     33.9894     0.1500    0.7239   183.1295
   60    21     8     32.0455     0.1859    1.3709   168.4721
   63    21     6     33.9894     0.1500    0.7239   236.6752
   31    22     7     37.2292     0.1500    0.7239   101.7847
   32    22     5     33.9894     0.1500    0.7239   150.7151
   61    22     8     32.0455     0.1859    1.3709   182.8592
   62    22     6     33.9894     0.1500    0.7239   216.6293
   32    23     7     37.2292     0.1500    0.7239   113.3870
   33    23     5     33.9894     0.1500    0.7239   161.1820
   45    23     9     31.5881     0.1859    1.3709    84.9202
   46    23     9     31.5881     0.1859    1.3709    78.4886
   47    23     9     31.5881     0.1859    1.3709    79.6683
   48    23     9     31.5881     0.1859    1.3709    84.5620
   49    23     9     31.5881     0.1859    1.3709    89.2103
   50    23     9     31.5881     0.1859    1.3709    92.6290
   51    23     9     31.5881     0.1859    1.3709    94.2680
   52    23     9     31.5881     0.1859    1.3709    95.9747
   53    23     9     31.5881     0.1859    1.3709   103.9532
   61    23    10     30.4904     0.2299    1.8856   180.6885
   33    24     7     37.2292     0.1500    0.7239   120.9470
   34    24     5     33.9894     0.1500    0.7239   162.3881
   54    24     9     31.5881     0.1859    1.3709    64.5731
   55    24     9     31.5881     0.1859    1.3709    74.7531
   56    24     9     31.5881     0.1859    1.3709    86.5329
   57    24     9     31.5881     0.1859    1.3709   100.8752
   58    24     9     31.5881     0.1859    1.3709   119.6716
   61    24    10     30.4904     0.2299    1.8856   178.3539
   34    25     7     37.2292     0.1500    0.7239   126.4484
   35    25     5     33.9894     0.1500    0.7239   167.0583
   59    25     9     31.5881     0.1859    1.3709    85.5396
   61    25    10     30.4904     0.2299    1.8856   169.0207
   35    26     7     37.2292     0.1500    0.7239   138.5998
   36    26     5     33.9894     0.1500    0.7239   177.0141
   60    26     9     31.5881     0.1859    1.3709    92.8845
   61    26    10     30.4904     0.2299    1.8856   142.9179
   36    27    11     39.8211     0.1859    1.3709   160.5587
   61    27     9     31.5881     0.1859    1.3709   126.5286
   62    27    10     30.4904     0.2299    1.8856   222.9973
   10    28    12     32.3565     0.1503    0.9967    90.1389
   11    28    12     32.3565     0.1503    0.9967    89.8146
   12    28    12     32.3565     0.1503    0.9967    92.5003
   13    28    12     32.3565     0.1503    0.9967    93.9190
   14    28    12     32.3565     0.1503    0.9967    95.8230
   15    28    12     32.3565     0.1503    0.9967   102.0490
   16    28    12     32.3565     0.1503    0.9967   108.5401
   37    28    11     39.8211     0.1859    1.3709   186.4416
   62    28    13     32.0455     0.2843    2.5936   204.5876
   17    29    12     32.3565     0.1503    0.9967    88.0592
   18    29    12     32.3565     0.1503    0.9967    99.0219
   38    29    11     39.8211     0.1859    1.3709   174.2670
   62    29    13     32.0455     0.2843    2.5936   173.8096
   19    30    12     32.3565     0.1503    0.9967    88.9401
   20    30    12     32.3565     0.1503    0.9967    97.5463
   21    30    12     32.3565     0.1503    0.9967   115.8584
   39    30    11     39.8211     0.1859    1.3709   173.4558
   62    30    13     32.0455     0.2843    2.5936   135.5196
   22    31    12     32.3565     0.1503    0.9967    74.6357
   23    31    12     32.3565     0.1503    0.9967    91.8454
   24    31    12     32.3565     0.1503    0.9967   113.1822
   40    31    11     39.8211     0.1859    1.3709   174.1421
   63    31    13     32.0455     0.2843    2.5936   195.5046
   25    32    12     32.3565     0.1503    0.9967    74.7253
   26    32    12     32.3565     0.1503    0.9967    90.7764
   27    32    12     32.3565     0.1503    0.9967   107.7591
   41    32    11     39.8211     0.1859    1.3709   173.6937
   63    32    13     32.0455     0.2843    2.5936   133.1176
   28    33    12     32.3565     0.1503    0.9967    76.4047
   29    33    12     32.3565     0.1503    0.9967    90.8656
   30    33    12     32.3565     0.1503    0.9967   118.2776
   42    33    11     39.8211     0.1859    1.3709   172.2950
   64    33    13     32.0455     0.2843    2.5936   213.1721
   31    34    12     32.3565     0.1503    0.9967   100.9272
   43    34    11     39.8211     0.1859    1.3709   158.3271
   64    34    13     32.0455     0.2843    2.5936   167.0594
   72    34    14     39.8211     0.1500    0.7239   200.9858
   32    35    12     32.3565     0.1503    0.9967    88.7717
   33    35    12     32.3565     0.1503    0.9967   107.3015
   44    35    11     39.8211     0.1859    1.3709   145.0373
   64    35    13     32.0455     0.2843    2.5936   119.5862
   71    35    14     39.8211     0.1500    0.7239   189.6823
   34    36    12     32.3565     0.1503    0.9967    99.3625
   38    36    16     31.0736     0.2299    1.8856   106.0104
   39    36    15     29.8239     0.2299    1.8856   103.1155
   40    36    15     29.8239     0.2299    1.8856   109.1114
   45    36    11     39.8211     0.1859    1.3709   134.7588
   64    36    13     32.0455     0.2843    2.5936   114.0838
   70    36    14     39.8211     0.1500    0.7239   199.0823
   27    37    19     32.0455     0.1500    0.7239   110.3708
   28    37    19     32.0455     0.1500    0.7239    88.7872
   29    37    19     32.0455     0.1500    0.7239    74.7345
   30    37    19     32.0455     0.1500    0.7239    79.9154
   31    37    19     32.0455     0.1500    0.7239    93.9331
   34    37    19     32.0455     0.1500    0.7239    95.5996
   35    37    16     31.0736     0.2299    1.8856    91.0976
   36    37    16     31.0736     0.2299    1.8856    87.9133
   37    37    16     31.0736     0.2299    1.8856    73.8062
   38    37    21     39.8211     0.1500    0.7239    55.9821
   41    37    15     29.8239     0.2299    1.8856    54.9836
   42    37    15     29.8239     0.2299    1.8856    68.0573
   43    37    15     29.8239     0.2299    1.8856    78.0298
   44    37    15     29.8239     0.2299    1.8856    86.6244
   45    37    15     29.8239     0.2299    1.8856    97.0360
   46    37    17     32.6935     0.2843    2.5936   108.2183
   65    37    13     32.0455     0.2843    2.5936   228.2729
   69    37    14     39.8211     0.1500    0.7239   199.9676
   25    38    19     32.0455     0.1500    0.7239   109.2302
   26    38    19     32.0455     0.1500    0.7239    82.1787
   32    38    19     32.0455     0.1500    0.7239    83.0717
   33    38    19     32.0455     0.1500    0.7239    87.8204
   34    38    20     39.8211     0.1500    0.7239    83.2827
   37    38    21     39.8211     0.1500    0.7239    22.3626
   47    38    17     32.6935     0.2843    2.5936    73.2164
   48    38    17     32.6935     0.2843    2.5936    89.4232
   49    38    17     32.6935     0.2843    2.5936   111.6303
   60    38    17     32.6935     0.2843    2.5936   140.3322
   64    38    13     32.0455     0.2843    2.5936   155.6464
   68    38    14     39.8211     0.1500    0.7239   210.9933
   70    38    18     37.8772     0.1500    0.7239   248.9443
   71    38    18     37.8772     0.1500    0.7239   262.6033
   23    39    19     32.0455     0.1500    0.7239    75.4658
   24    39    19     32.0455     0.1500    0.7239    66.6163
   33    39    20     39.8211     0.1500    0.7239    76.4174
   36    39    21     39.8211     0.1500    0.7239    11.4427
   50    39    17     32.6935     0.2843    2.5936    40.9023
   51    39    17     32.6935     0.2843    2.5936    57.2471
   52    39    17     32.6935     0.2843    2.5936    90.6926
   53    39    17     32.6935     0.2843    2.5936   137.0486
   54    39    17     32.6935     0.2843    2.5936   154.4723
   58    39    17     32.6935     0.2843    2.5936    94.0308
   59    39    17     32.6935     0.2843    2.5936    69.2700
   61    39    17     32.6935     0.2843    2.5936    71.3546
   62    39    17     32.6935     0.2843    2.5936    95.1676
   63    39    17     32.6935     0.2843    2.5936   121.9575
   64    39    13     32.0455     0.2843    2.5936   159.9224
   67    39    14     39.8211     0.1500    0.7239   224.5294
   69    39    18     37.8772     0.1500    0.7239   260.8203
   35    40    21     39.8211     0.1500    0.7239    12.5887
   55    40    17     32.6935     0.2843    2.5936    40.9402
   56    40    17     32.6935     0.2843    2.5936    42.7634
   57    40    17     32.6935     0.2843    2.5936    37.6585
   64    40    22     39.8211     0.3517    3.5674   128.6995
   66    40    14     39.8211     0.1500    0.7239   234.7868
   68    40    18     37.8772     0.1500    0.7239   262.1699
   65    41    23     28.1577     0.3517    3.5674   220.8355
   67    41    18     37.8772     0.1500    0.7239   255.2820
   65    42    23     28.1577     0.3517    3.5674   214.3706
   66    42    18     37.8772     0.1500    0.7239   242.8657
   65    43    24     29.9521     0.3517    3.5674   195.3660
   65    44    24     29.9521     0.3517    3.5674   151.0939
   65    45    24     29.9521     0.3517    3.5674   111.8894
   66    46    24     29.9521     0.3517    3.5674   247.4570
   66    47    24     29.9521     0.3517    3.5674   238.6679
   66    48    24     29.9521     0.3517    3.5674   231.6601
   66    49    24     29.9521     0.3517    3.5674   237.7132
   66    50    24     29.9521     0.3517    3.5674   235.2380
   57    51    25     33.6006     0.1503    0.9967    99.1005
   58    51    25     33.6006     0.1503    0.9967    68.1870
   59    51    25     33.6006     0.1503    0.9967    88.5573
   60    51    25     33.6006     0.1503    0.9967   111.2958
   66    51    24     29.9521     0.3517    3.5674   229.4107
   55    52    25     33.6006     0.1503    0.9967    87.4345
   56    52    25     33.6006     0.1503    0.9967    32.6093
   61    52    25     33.6006     0.1503    0.9967    97.8250
   66    52    24     29.9521     0.3517    3.5674   231.3736
   50    53    25     33.6006     0.1503    0.9967    92.4110
   51    53    25     33.6006     0.1503    0.9967   109.5221
   52    53    25     33.6006     0.1503    0.9967   119.6039
   53    53    25     33.6006     0.1503    0.9967   103.3587
   54    53    25     33.6006     0.1503    0.9967    53.6764
   62    53    25     33.6006     0.1503    0.9967    96.0031
   66    53    24     29.9521     0.3517    3.5674   238.5559
   63    54    25     33.6006     0.1503    0.9967   102.0946
   65    54    24     29.9521     0.3517    3.5674   115.4038
   64    55    25     33.6006     0.1503    0.9967   105.6970
   65    55    24     29.9521     0.3517    3.5674   119.0268
   65    56    26     33.0175     0.3517    3.5674   125.1096
   65    57    26     33.0175     0.3517    3.5674   148.9785
   65    58    26     33.0175     0.3517    3.5674   216.7841
   65    59    26     33.0175     0.3517    3.5674   235.2415
   64    60    26     33.0175     0.3517    3.5674   124.9423
   65    61    26     33.0175     0.3517    3.5674   191.0544
   41    62    27     33.1563     0.1503    0.9967   100.2143
   42    62    27     33.1563     0.1503    0.9967    82.8213
   43    62    27     33.1563     0.1503    0.9967    84.8599
   44    62    27     33.1563     0.1503    0.9967   102.7881
   66    62    26     33.0175     0.3517    3.5674   168.0878
   36    63    27     33.1563     0.1503    0.9967   100.5013
   37    63    27     33.1563     0.1503    0.9967    96.6815
   38    63    27     33.1563     0.1503    0.9967    96.2618
   39    63    27     33.1563     0.1503    0.9967    93.3955
   40    63    27     33.1563     0.1503    0.9967    76.1654
   45    63    27     33.1563     0.1503    0.9967    78.5115
   46    63    27     33.1563     0.1503    0.9967    96.2754
   67    63    26     33.0175     0.3517    3.5674   171.5196
   33    64    27     33.1563     0.1503    0.9967   104.6032
   34    64    27     33.1563     0.1503    0.9967    90.0436
   35    64    27     33.1563     0.1503    0.9967    74.6930
   47    64    27     33.1563     0.1503    0.9967    82.1960
   48    64    27     33.1563     0.1503    0.9967   110.3834
   68    64    26     33.0175     0.3517    3.5674   210.9398
   32    65    27     33.1563     0.1503    0.9967    66.4089
   49    65    27     33.1563     0.1503    0.9967    96.6427
   50    65    27     33.1563     0.1503    0.9967   119.5086
   68    65    26     33.0175     0.3517    3.5674   210.6145
   51    66    27     33.1563     0.1503    0.9967   114.4176
   57    66    28     32.8231     0.2299    1.8856   120.8092
   58    66    28     32.8231     0.2299    1.8856   105.7651
   59    66    28     32.8231     0.2299    1.8856   100.8289
   60    66    28     32.8231     0.2299    1.8856   116.5158
   62    66    28     32.8231     0.2299    1.8856   140.3940
   63    66    28     32.8231     0.2299    1.8856   125.6836
   64    66    28     32.8231     0.2299    1.8856   109.2978
   65    66    28     32.8231     0.2299    1.8856   103.9003
   66    66    28     32.8231     0.2299    1.8856   107.2381
   68    66    26     33.0175     0.3517    3.5674   201.0564
   52    67    27     33.1563     0.1503    0.9967   110.6137
   56    67    28     32.8231     0.2299    1.8856    99.7189
   61    67    28     32.8231     0.2299    1.8856    41.3423
   67    67    28     32.8231     0.2299    1.8856    89.2734
   68    67    26     33.0175     0.3517    3.5674   163.9288
   52    68    30     32.0455     0.1500    0.7239    91.9373
   53    68    28     32.8231     0.2299    1.8856    76.3009
   54    68    28     32.8231     0.2299    1.8856    57.3146
   55    68    28     32.8231     0.2299    1.8856    42.1458
   68    68    29     28.1577     0.3517    3.5674    94.5024
   50    69    30     32.0455     0.1500    0.7239    99.9630
   51    69    30     32.0455     0.1500    0.7239    81.9969
